16
98
1 12 0
4 12 0
7 12 0
10 12 0
6 12 120
9 12 470
8 14 575
3 12 900
1 11 1250
1 16 1250
4 11 1340
4 16 1340
7 11 1415
7 16 1415
10 11 1580
10 16 1580
9 11 2470
9 16 2470
8 13 2540
3 14 2700
5 13 3125
2 15 3725
6 13 4010
9 13 4020
8 15 4330
3 13 4920
1 12 4920
7 12 4920
4 12 4920
10 12 4920
6 12 4920
9 12 4920
8 14 4920
1 11 4920
1 16 4920
4 11 4920
4 16 4920
7 11 4920
7 16 4920
5 11 8180
9 14 8180
5 16 8180
3 14 8180
2 13 8870
7 13 9565
10 13 9855
4 13 9895
6 13 9895
8 15 9895
12 1 0
12 4 0
12 7 0
12 10 0
12 6 120
12 9 470
14 8 575
12 3 900
11 1 1250
16 1 1250
11 4 1340
16 4 1340
11 7 1415
16 7 1415
11 10 1580
16 10 1580
11 9 2470
16 9 2470
13 8 2540
14 3 2700
13 5 3125
15 2 3725
13 6 4010
13 9 4020
15 8 4330
13 3 4920
12 1 4920
12 7 4920
12 4 4920
12 10 4920
12 6 4920
12 9 4920
14 8 4920
11 1 4920
16 1 4920
11 4 4920
16 4 4920
11 7 4920
16 7 4920
11 5 8180
14 9 8180
16 5 8180
14 3 8180
13 2 8870
13 7 9565
13 10 9855
13 4 9895
13 6 9895
15 8 9895
