63
1436
14 42 0
15 42 0
20 42 0
23 42 0
24 42 0
12 43 0
13 43 0
14 43 0
16 43 0
17 43 0
18 43 0
19 43 0
20 43 0
21 43 0
22 43 0
23 43 0
24 43 0
30 43 0
36 43 0
13 44 0
16 44 0
19 44 0
21 44 0
28 44 0
32 44 0
34 44 0
28 45 0
31 45 0
31 46 0
3 54 0
11 54 0
18 42 10
17 42 15
11 53 25
31 44 60
32 43 70
30 42 75
15 41 110
21 42 110
22 42 120
24 41 140
12 42 180
34 43 180
36 42 185
16 42 190
3 53 235
23 41 240
13 42 245
20 41 265
19 42 305
18 41 315
14 41 320
28 43 345
17 41 410
30 41 410
15 40 440
22 41 445
21 41 450
31 43 455
32 42 470
24 40 480
36 41 485
34 42 530
11 52 540
16 41 575
20 40 585
13 41 610
23 40 615
18 40 645
14 40 670
12 41 675
19 41 690
28 42 745
30 40 760
22 40 785
15 39 790
26 42 795
17 40 800
21 40 800
36 40 805
24 39 840
32 41 850
31 42 905
20 39 920
16 40 960
13 40 985
18 39 990
23 39 995
14 39 1030
12 40 1055
11 51 1060
19 40 1075
26 41 1085
30 39 1120
22 39 1145
15 38 1150
36 39 1150
15 63 1150
21 39 1165
17 39 1185
35 42 1200
24 38 1205
24 63 1205
32 40 1230
28 41 1260
20 38 1270
20 63 1270
0 40 1330
16 39 1345
18 38 1350
18 63 1350
33 42 1370
23 38 1375
23 63 1375
13 39 1390
14 38 1400
14 63 1400
12 39 1405
26 40 1420
29 40 1445
19 39 1470
30 38 1500
30 63 1500
11 50 1510
35 41 1520
15 62 1520
22 38 1535
22 63 1535
36 38 1550
36 63 1550
21 38 1560
21 63 1560
17 38 1570
17 63 1570
24 62 1575
0 39 1610
32 39 1635
20 62 1635
29 39 1665
33 41 1665
33 54 1720
2 39 1730
18 62 1730
12 38 1760
23 62 1760
12 63 1760
16 38 1765
16 63 1765
9 51 1790
14 62 1790
26 39 1800
1 38 1850
1 63 1850
11 49 1885
15 61 1895
19 38 1935
35 40 1935
19 63 1935
0 38 1955
24 61 1955
30 62 1955
0 63 1955
17 62 1980
29 38 1995
29 63 1995
33 53 2005
35 54 2010
2 38 2030
2 63 2030
20 61 2035
33 40 2075
9 50 2085
3 49 2105
35 53 2105
25 51 2125
12 62 2140
32 38 2160
32 63 2160
1 62 2170
23 61 2175
18 61 2215
11 48 2240
26 38 2270
26 63 2270
5 50 2285
15 60 2295
4 38 2335
4 63 2335
0 62 2350
27 38 2370
27 63 2370
24 60 2375
29 62 2390
2 62 2405
3 48 2410
33 52 2415
25 50 2430
35 52 2440
9 49 2450
27 62 2510
1 61 2545
25 38 2570
25 63 2570
12 61 2580
4 50 2590
11 47 2605
6 62 2605
5 49 2610
4 62 2610
10 48 2620
7 49 2740
3 47 2760
6 61 2770
25 62 2830
25 49 2845
26 51 2850
27 61 2850
7 48 2865
27 49 2875
4 49 2885
5 62 2885
2 61 2895
0 61 2895
9 48 2900
35 51 2905
29 61 2920
10 47 2930
8 48 2930
6 49 2930
11 46 3005
4 61 3005
1 60 3015
2 50 3020
5 48 3035
31 53 3055
33 51 3080
26 50 3085
6 48 3090
5 61 3105
29 50 3115
6 60 3115
8 47 3125
2 49 3145
31 52 3160
3 46 3165
28 52 3175
7 47 3200
27 48 3205
29 49 3205
7 60 3210
25 61 3220
8 60 3230
0 49 3250
9 61 3285
4 48 3305
27 60 3310
10 46 3325
32 50 3325
28 51 3380
8 59 3430
6 47 3435
31 51 3435
26 49 3450
1 48 3455
5 60 3475
8 46 3480
2 48 3480
11 45 3520
29 48 3530
7 59 3540
0 48 3555
9 60 3575
6 59 3580
32 49 3585
4 60 3595
12 48 3615
10 59 3645
7 46 3660
27 47 3660
28 50 3685
19 49 3705
1 47 3735
3 45 3755
31 50 3770
8 58 3790
25 60 3790
10 45 3885
12 47 3910
26 48 3915
6 46 3920
10 58 3920
2 47 3935
16 49 3935
32 48 3940
8 45 3960
19 48 3965
29 47 3970
0 47 3970
9 59 3980
5 59 3990
7 58 4000
16 48 4005
28 49 4035
3 58 4060
1 46 4130
31 49 4135
13 48 4210
17 47 4215
11 58 4260
16 47 4285
8 57 4295
12 46 4300
19 47 4310
10 57 4320
32 47 4360
3 57 4370
28 48 4405
11 57 4435
13 47 4460
17 46 4495
0 46 4500
26 47 4505
31 48 4510
9 58 4515
23 46 4540
29 46 4560
16 46 4625
2 46 4635
21 47 4635
1 45 4645
19 46 4695
14 46 4735
30 46 4760
13 46 4765
21 46 4765
11 56 4770
12 45 4775
23 45 4780
28 47 4785
3 56 4790
32 46 4810
17 45 4835
22 46 4840
34 47 4855
10 56 4875
31 47 4890
24 45 4925
14 45 4935
16 45 5000
30 45 5005
18 45 5030
21 45 5030
22 45 5065
23 44 5095
24 44 5095
15 44 5100
19 45 5100
13 45 5105
34 46 5110
20 45 5150
28 46 5165
11 55 5190
36 45 5205
17 44 5215
14 44 5220
20 44 5250
32 45 5255
18 44 5260
31 46 5260
30 44 5305
12 44 5310
3 55 5325
21 44 5325
15 43 5350
22 44 5355
24 43 5355
16 44 5355
34 45 5410
36 44 5435
23 43 5435
13 44 5435
19 44 5435
20 43 5435
14 43 5435
28 45 5435
18 43 5435
17 43 5435
30 43 5435
31 45 5435
15 42 5435
21 43 5435
22 43 5435
32 44 5435
11 54 5435
24 42 5435
36 43 5435
34 44 5435
16 43 5435
20 42 5435
23 42 5435
13 43 5435
12 43 5435
18 42 5435
14 42 5435
19 43 5435
28 44 5435
30 42 5435
17 42 5435
15 41 5435
22 42 5435
21 42 5435
36 42 5435
24 41 5435
32 43 5435
31 44 5435
20 41 5435
16 42 5435
13 42 5435
23 41 5435
18 41 5435
11 53 5435
14 41 5435
12 42 5435
19 42 5435
26 43 6320
30 41 6320
22 41 6320
15 40 6320
36 41 6320
21 41 6320
28 43 6320
17 41 6320
24 40 6320
32 42 6320
35 44 6470
20 40 6470
16 41 6470
18 40 6470
23 40 6470
13 41 6470
14 40 6470
12 41 6470
26 42 6470
19 41 6470
33 44 6670
30 40 6670
11 52 6670
15 39 6670
22 40 6670
36 40 6670
35 43 6740
21 40 6740
17 40 6740
24 39 6740
32 41 6740
20 39 6740
0 41 6845
33 43 6890
29 41 6910
18 39 6910
16 40 6910
23 39 6910
12 40 6910
14 39 6910
26 41 6910
2 41 7010
33 56 7035
13 40 7035
9 53 7080
19 40 7080
11 51 7080
15 38 7080
1 40 7100
15 63 7100
30 39 7100
35 42 7100
24 38 7100
24 63 7100
17 39 7100
0 40 7100
22 39 7100
21 39 7100
29 40 7100
20 38 7100
20 63 7100
33 55 7230
33 42 7230
2 40 7260
32 40 7260
9 52 7315
12 39 7315
18 38 7315
18 63 7315
23 38 7315
23 63 7315
35 55 7375
3 51 7385
1 39 7390
25 53 7410
14 38 7410
14 63 7410
26 40 7410
16 39 7410
11 50 7410
15 62 7410
0 39 7410
5 52 7555
24 62 7555
29 39 7555
33 54 7555
2 39 7555
35 41 7555
17 38 7555
17 63 7555
3 50 7640
9 51 7640
25 52 7650
35 54 7650
4 40 7670
20 62 7670
1 38 7670
12 38 7670
1 63 7670
12 63 7670
33 41 7670
27 39 7770
11 49 7770
5 51 7830
23 62 7830
4 39 7840
4 52 7890
10 50 7895
15 61 7895
25 40 7945
3 49 7945
0 38 7945
0 63 7945
25 51 7945
6 38 8025
6 63 8025
2 38 8025
29 38 8025
2 63 8025
29 63 8025
9 50 8025
35 53 8025
27 38 8025
27 63 8025
25 39 8065
24 61 8065
33 53 8065
4 51 8110
7 50 8125
27 51 8150
10 49 8155
1 62 8155
4 38 8155
4 63 8155
11 48 8155
5 50 8155
26 53 8265
6 62 8265
12 62 8265
26 52 8330
5 38 8350
3 48 8350
6 50 8350
5 63 8350
8 49 8380
25 38 8380
25 63 8380
2 51 8410
7 49 8410
27 50 8415
31 54 8440
27 62 8440
29 51 8475
4 50 8475
7 62 8480
10 48 8480
25 50 8480
0 51 8535
28 54 8590
9 38 8595
9 63 8595
11 47 8595
6 49 8595
32 52 8640
35 52 8640
28 53 8640
26 51 8640
9 49 8640
4 62 8640
5 62 8640
31 53 8640
8 48 8640
8 61 8680
2 50 8680
5 49 8680
6 61 8680
29 50 8680
7 61 8750
1 50 8770
0 50 8775
9 62 8800
7 48 8800
3 47 8800
27 49 8800
32 51 8825
25 62 8825
12 50 8905
28 52 8905
1 49 8965
10 47 8965
10 61 8975
31 52 8975
8 60 8975
4 49 8975
19 51 9005
6 48 9005
26 50 9005
2 49 9005
27 61 9005
8 47 9005
5 61 9005
12 49 9135
29 49 9135
0 49 9135
32 50 9135
7 60 9135
10 60 9150
9 61 9150
19 50 9210
28 51 9210
16 50 9290
1 48 9290
31 51 9290
3 60 9340
27 48 9340
8 59 9340
7 47 9340
12 48 9340
17 49 9500
10 59 9500
13 50 9505
16 49 9505
19 49 9505
32 49 9505
3 59 9590
26 49 9590
28 50 9590
0 48 9590
2 48 9590
9 60 9590
29 48 9590
11 59 9695
13 49 9710
31 50 9710
17 48 9730
7 59 9730
1 47 9730
16 48 9730
23 48 9860
19 48 9860
12 47 9860
3 58 9860
32 48 9860
10 58 9860
11 58 9860
28 49 9860
13 48 9860
23 47 10030
21 48 10045
17 47 10045
30 48 10060
31 49 10060
34 49 10135
22 48 10155
14 47 10200
16 47 10200
30 47 10260
0 47 10260
21 47 10260
19 47 10260
23 46 10260
13 47 10260
22 47 10325
18 47 10350
34 48 10360
24 46 10365
11 57 10365
28 48 10365
15 46 10395
1 46 10395
17 46 10395
32 47 10395
12 46 10395
3 57 10395
14 46 10395
31 48 10395
18 46 10520
36 47 10525
20 46 10530
30 46 10530
21 46 10530
16 46 10530
22 46 10530
15 45 10600
24 45 10600
34 47 10600
23 45 10600
13 46 10600
36 46 10695
19 46 10695
28 47 10695
20 45 10695
14 45 10695
18 45 10695
42 14 0
42 15 0
42 20 0
42 23 0
42 24 0
43 12 0
43 13 0
43 14 0
43 16 0
43 17 0
43 18 0
43 19 0
43 20 0
43 21 0
43 22 0
43 23 0
43 24 0
43 30 0
43 36 0
44 13 0
44 16 0
44 19 0
44 21 0
44 28 0
44 32 0
44 34 0
45 28 0
45 31 0
46 31 0
54 3 0
54 11 0
42 18 10
42 17 15
53 11 25
44 31 60
43 32 70
42 30 75
41 15 110
42 21 110
42 22 120
41 24 140
42 12 180
43 34 180
42 36 185
42 16 190
53 3 235
41 23 240
42 13 245
41 20 265
42 19 305
41 18 315
41 14 320
43 28 345
41 17 410
41 30 410
40 15 440
41 22 445
41 21 450
43 31 455
42 32 470
40 24 480
41 36 485
42 34 530
52 11 540
41 16 575
40 20 585
41 13 610
40 23 615
40 18 645
40 14 670
41 12 675
41 19 690
42 28 745
40 30 760
40 22 785
39 15 790
42 26 795
40 17 800
40 21 800
40 36 805
39 24 840
41 32 850
42 31 905
39 20 920
40 16 960
40 13 985
39 18 990
39 23 995
39 14 1030
40 12 1055
51 11 1060
40 19 1075
41 26 1085
39 30 1120
39 22 1145
38 15 1150
39 36 1150
63 15 1150
39 21 1165
39 17 1185
42 35 1200
38 24 1205
63 24 1205
40 32 1230
41 28 1260
38 20 1270
63 20 1270
40 0 1330
39 16 1345
38 18 1350
63 18 1350
42 33 1370
38 23 1375
63 23 1375
39 13 1390
38 14 1400
63 14 1400
39 12 1405
40 26 1420
40 29 1445
39 19 1470
38 30 1500
63 30 1500
50 11 1510
41 35 1520
62 15 1520
38 22 1535
63 22 1535
38 36 1550
63 36 1550
38 21 1560
63 21 1560
38 17 1570
63 17 1570
62 24 1575
39 0 1610
39 32 1635
62 20 1635
39 29 1665
41 33 1665
54 33 1720
39 2 1730
62 18 1730
38 12 1760
62 23 1760
63 12 1760
38 16 1765
63 16 1765
51 9 1790
62 14 1790
39 26 1800
38 1 1850
63 1 1850
49 11 1885
61 15 1895
38 19 1935
40 35 1935
63 19 1935
38 0 1955
61 24 1955
62 30 1955
63 0 1955
62 17 1980
38 29 1995
63 29 1995
53 33 2005
54 35 2010
38 2 2030
63 2 2030
61 20 2035
40 33 2075
50 9 2085
49 3 2105
53 35 2105
51 25 2125
62 12 2140
38 32 2160
63 32 2160
62 1 2170
61 23 2175
61 18 2215
48 11 2240
38 26 2270
63 26 2270
50 5 2285
60 15 2295
38 4 2335
63 4 2335
62 0 2350
38 27 2370
63 27 2370
60 24 2375
62 29 2390
62 2 2405
48 3 2410
52 33 2415
50 25 2430
52 35 2440
49 9 2450
62 27 2510
61 1 2545
38 25 2570
63 25 2570
61 12 2580
50 4 2590
47 11 2605
62 6 2605
49 5 2610
62 4 2610
48 10 2620
49 7 2740
47 3 2760
61 6 2770
62 25 2830
49 25 2845
51 26 2850
61 27 2850
48 7 2865
49 27 2875
49 4 2885
62 5 2885
61 2 2895
61 0 2895
48 9 2900
51 35 2905
61 29 2920
47 10 2930
48 8 2930
49 6 2930
46 11 3005
61 4 3005
60 1 3015
50 2 3020
48 5 3035
53 31 3055
51 33 3080
50 26 3085
48 6 3090
61 5 3105
50 29 3115
60 6 3115
47 8 3125
49 2 3145
52 31 3160
46 3 3165
52 28 3175
47 7 3200
48 27 3205
49 29 3205
60 7 3210
61 25 3220
60 8 3230
49 0 3250
61 9 3285
48 4 3305
60 27 3310
46 10 3325
50 32 3325
51 28 3380
59 8 3430
47 6 3435
51 31 3435
49 26 3450
48 1 3455
60 5 3475
46 8 3480
48 2 3480
45 11 3520
48 29 3530
59 7 3540
48 0 3555
60 9 3575
59 6 3580
49 32 3585
60 4 3595
48 12 3615
59 10 3645
46 7 3660
47 27 3660
50 28 3685
49 19 3705
47 1 3735
45 3 3755
50 31 3770
58 8 3790
60 25 3790
45 10 3885
47 12 3910
48 26 3915
46 6 3920
58 10 3920
47 2 3935
49 16 3935
48 32 3940
45 8 3960
48 19 3965
47 29 3970
47 0 3970
59 9 3980
59 5 3990
58 7 4000
48 16 4005
49 28 4035
58 3 4060
46 1 4130
49 31 4135
48 13 4210
47 17 4215
58 11 4260
47 16 4285
57 8 4295
46 12 4300
47 19 4310
57 10 4320
47 32 4360
57 3 4370
48 28 4405
57 11 4435
47 13 4460
46 17 4495
46 0 4500
47 26 4505
48 31 4510
58 9 4515
46 23 4540
46 29 4560
46 16 4625
46 2 4635
47 21 4635
45 1 4645
46 19 4695
46 14 4735
46 30 4760
46 13 4765
46 21 4765
56 11 4770
45 12 4775
45 23 4780
47 28 4785
56 3 4790
46 32 4810
45 17 4835
46 22 4840
47 34 4855
56 10 4875
47 31 4890
45 24 4925
45 14 4935
45 16 5000
45 30 5005
45 18 5030
45 21 5030
45 22 5065
44 23 5095
44 24 5095
44 15 5100
45 19 5100
45 13 5105
46 34 5110
45 20 5150
46 28 5165
55 11 5190
45 36 5205
44 17 5215
44 14 5220
44 20 5250
45 32 5255
44 18 5260
46 31 5260
44 30 5305
44 12 5310
55 3 5325
44 21 5325
43 15 5350
44 22 5355
43 24 5355
44 16 5355
45 34 5410
44 36 5435
43 23 5435
44 13 5435
44 19 5435
43 20 5435
43 14 5435
45 28 5435
43 18 5435
43 17 5435
43 30 5435
45 31 5435
42 15 5435
43 21 5435
43 22 5435
44 32 5435
54 11 5435
42 24 5435
43 36 5435
44 34 5435
43 16 5435
42 20 5435
42 23 5435
43 13 5435
43 12 5435
42 18 5435
42 14 5435
43 19 5435
44 28 5435
42 30 5435
42 17 5435
41 15 5435
42 22 5435
42 21 5435
42 36 5435
41 24 5435
43 32 5435
44 31 5435
41 20 5435
42 16 5435
42 13 5435
41 23 5435
41 18 5435
53 11 5435
41 14 5435
42 12 5435
42 19 5435
43 26 6320
41 30 6320
41 22 6320
40 15 6320
41 36 6320
41 21 6320
43 28 6320
41 17 6320
40 24 6320
42 32 6320
44 35 6470
40 20 6470
41 16 6470
40 18 6470
40 23 6470
41 13 6470
40 14 6470
41 12 6470
42 26 6470
41 19 6470
44 33 6670
40 30 6670
52 11 6670
39 15 6670
40 22 6670
40 36 6670
43 35 6740
40 21 6740
40 17 6740
39 24 6740
41 32 6740
39 20 6740
41 0 6845
43 33 6890
41 29 6910
39 18 6910
40 16 6910
39 23 6910
40 12 6910
39 14 6910
41 26 6910
41 2 7010
56 33 7035
40 13 7035
53 9 7080
40 19 7080
51 11 7080
38 15 7080
40 1 7100
63 15 7100
39 30 7100
42 35 7100
38 24 7100
63 24 7100
39 17 7100
40 0 7100
39 22 7100
39 21 7100
40 29 7100
38 20 7100
63 20 7100
55 33 7230
42 33 7230
40 2 7260
40 32 7260
52 9 7315
39 12 7315
38 18 7315
63 18 7315
38 23 7315
63 23 7315
55 35 7375
51 3 7385
39 1 7390
53 25 7410
38 14 7410
63 14 7410
40 26 7410
39 16 7410
50 11 7410
62 15 7410
39 0 7410
52 5 7555
62 24 7555
39 29 7555
54 33 7555
39 2 7555
41 35 7555
38 17 7555
63 17 7555
50 3 7640
51 9 7640
52 25 7650
54 35 7650
40 4 7670
62 20 7670
38 1 7670
38 12 7670
63 1 7670
63 12 7670
41 33 7670
39 27 7770
49 11 7770
51 5 7830
62 23 7830
39 4 7840
52 4 7890
50 10 7895
61 15 7895
40 25 7945
49 3 7945
38 0 7945
63 0 7945
51 25 7945
38 6 8025
63 6 8025
38 2 8025
38 29 8025
63 2 8025
63 29 8025
50 9 8025
53 35 8025
38 27 8025
63 27 8025
39 25 8065
61 24 8065
53 33 8065
51 4 8110
50 7 8125
51 27 8150
49 10 8155
62 1 8155
38 4 8155
63 4 8155
48 11 8155
50 5 8155
53 26 8265
62 6 8265
62 12 8265
52 26 8330
38 5 8350
48 3 8350
50 6 8350
63 5 8350
49 8 8380
38 25 8380
63 25 8380
51 2 8410
49 7 8410
50 27 8415
54 31 8440
62 27 8440
51 29 8475
50 4 8475
62 7 8480
48 10 8480
50 25 8480
51 0 8535
54 28 8590
38 9 8595
63 9 8595
47 11 8595
49 6 8595
52 32 8640
52 35 8640
53 28 8640
51 26 8640
49 9 8640
62 4 8640
62 5 8640
53 31 8640
48 8 8640
61 8 8680
50 2 8680
49 5 8680
61 6 8680
50 29 8680
61 7 8750
50 1 8770
50 0 8775
62 9 8800
48 7 8800
47 3 8800
49 27 8800
51 32 8825
62 25 8825
50 12 8905
52 28 8905
49 1 8965
47 10 8965
61 10 8975
52 31 8975
60 8 8975
49 4 8975
51 19 9005
48 6 9005
50 26 9005
49 2 9005
61 27 9005
47 8 9005
61 5 9005
49 12 9135
49 29 9135
49 0 9135
50 32 9135
60 7 9135
60 10 9150
61 9 9150
50 19 9210
51 28 9210
50 16 9290
48 1 9290
51 31 9290
60 3 9340
48 27 9340
59 8 9340
47 7 9340
48 12 9340
49 17 9500
59 10 9500
50 13 9505
49 16 9505
49 19 9505
49 32 9505
59 3 9590
49 26 9590
50 28 9590
48 0 9590
48 2 9590
60 9 9590
48 29 9590
59 11 9695
49 13 9710
50 31 9710
48 17 9730
59 7 9730
47 1 9730
48 16 9730
48 23 9860
48 19 9860
47 12 9860
58 3 9860
48 32 9860
58 10 9860
58 11 9860
49 28 9860
48 13 9860
47 23 10030
48 21 10045
47 17 10045
48 30 10060
49 31 10060
49 34 10135
48 22 10155
47 14 10200
47 16 10200
47 30 10260
47 0 10260
47 21 10260
47 19 10260
46 23 10260
47 13 10260
47 22 10325
47 18 10350
48 34 10360
46 24 10365
57 11 10365
48 28 10365
46 15 10395
46 1 10395
46 17 10395
47 32 10395
46 12 10395
57 3 10395
46 14 10395
48 31 10395
46 18 10520
47 36 10525
46 20 10530
46 30 10530
46 21 10530
46 16 10530
46 22 10530
45 15 10600
45 24 10600
47 34 10600
45 23 10600
46 13 10600
46 36 10695
46 19 10695
47 28 10695
45 20 10695
45 14 10695
45 18 10695
